.Random.seed <-
c(403L, 1L, 944157487L, -209198538L, 1751250528L, 1390732451L, 
1858400193L, -1124488272L, 553029326L, -173724615L, 1028698699L, 
227485690L, -1673207044L, -485923009L, 1059817493L, -715998420L, 
-1465643006L, 1599617757L, 1964253655L, 1308404926L, -177428744L, 
1649972443L, -255572167L, 1068331656L, 1529484854L, 439584369L, 
358053027L, -1905426958L, -202617532L, 1741729287L, -1143616547L, 
1112614100L, 456424442L, 1896237893L, 1632636831L, -245201626L, 
-94800L, 370542163L, -351239823L, -852023136L, 1163401278L, 1878667081L, 
1022957051L, -1989355062L, 139941676L, 1701455663L, -572709403L, 
1463183516L, -228909838L, 2043893101L, 418091687L, 557857998L, 
804442664L, -228097493L, 203155529L, -314959528L, -970579962L, 
1065546209L, 331021171L, -1872998430L, 854017876L, -911275433L, 
622840397L, -785846812L, -1522464822L, -822572491L, 1055215759L, 
-190115434L, -1170944704L, 809009155L, 1005109793L, 1296401680L, 
-702559506L, -2067171687L, 1105770283L, 1433432602L, -1937698596L, 
-1096921889L, 593689269L, -1562350516L, 872706210L, 1662758909L, 
2121288951L, -20006370L, -653273896L, 27363387L, -221318695L, 
1109337960L, 671165078L, 2093110289L, 437011907L, -207107630L, 
1171701860L, 1697906599L, -1215672067L, -337148684L, 1735140314L, 
-1785817307L, -1340301761L, -1461369402L, -2129223088L, -533135757L, 
-544771439L, -946181440L, -1413673826L, 1914888297L, -835674981L, 
-768354902L, -2128570932L, 1670830223L, 1614518469L, 1849366652L, 
624284882L, 492596301L, -810263289L, 75448558L, -1452207672L, 
293648075L, -1893759191L, -1473081480L, -2079705946L, 856037057L, 
-782028973L, -1416049662L, -1204930252L, -1945038153L, -904712531L, 
398114756L, -1681438742L, -794097579L, -1437723153L, -1330913802L, 
-1534358752L, -95533853L, 89670017L, 733894640L, -1257720178L, 
-354772487L, -1110813813L, -2131378246L, -1627328836L, -286235137L, 
413041493L, -1877396372L, -413749054L, 1732948765L, 1444891031L, 
-146755330L, -1714044232L, 1544559771L, -985289991L, 327949384L, 
509558646L, -477410639L, 1060678371L, 1819019698L, -641353212L, 
-1800638137L, -119464931L, 432108180L, -1915651526L, 741160069L, 
-1328920225L, 1202940390L, 593016944L, 263949203L, -1467409359L, 
-1535397152L, -1931295874L, -1344701943L, -243854789L, -575099894L, 
-749947924L, -915269521L, -1772341339L, 180141916L, -493329614L, 
-1606637011L, -357725977L, -1759589874L, 1818343400L, 1742457323L, 
1504189065L, 18666008L, -1602086586L, -1219209311L, 518871603L, 
-167241822L, 773558932L, -962639593L, 729970445L, -1362481628L, 
-631138806L, -1480863883L, 1481177807L, -1424491050L, -1673473664L, 
-1913165373L, 591880033L, 896452048L, 867783982L, -587316007L, 
-194519317L, 907074394L, -934830820L, -568730593L, -1577729931L, 
-899465972L, 1337151714L, 1255004605L, -17883593L, -1738189602L, 
-257028072L, 1402695547L, 1364979481L, -930622552L, -531537066L, 
-1990272047L, 7876483L, -1593075182L, 1900154276L, 335149415L, 
-626186563L, 1464815156L, 516330906L, 1039602149L, 1789402495L, 
-45525754L, 722267792L, 216762306L, 1172256800L, 1274726588L, 
-1347234224L, 11792354L, 631175272L, 1271996492L, 1837679868L, 
1428936690L, -1070314240L, -864291468L, 876505096L, 446198714L, 
483222992L, -1889898516L, -1251406444L, 1302239698L, -1635352224L, 
-1179718836L, -663848672L, -1341409406L, -2132965656L, 1973833964L, 
-1342375876L, 88551282L, 1525804656L, -1155146716L, -1443670216L, 
-1314995046L, -965655856L, 407685308L, -1274616172L, 408391298L, 
1707600064L, -632217796L, -1517567856L, -841284062L, 2048003080L, 
450456844L, -199033700L, 1141391890L, 1657230208L, 1494373908L, 
-1427421656L, -1073697478L, -1123666480L, -1537138580L, -561023692L, 
1568572050L, -1574099104L, 392322892L, 456949728L, 1990765474L, 
735706024L, -756377204L, -529738564L, 33890674L, 1205887216L, 
543793220L, 1436380504L, 570106426L, 2075357040L, -570844100L, 
1883659028L, 1289860546L, 1602103008L, -1194953860L, -2022223152L, 
1792566434L, -1230911448L, -393455348L, 1934631868L, 412472626L, 
-1526525504L, -664415692L, 1013655496L, 156783802L, 34339216L, 
2093818348L, -1447686572L, 284740754L, 369031968L, -1798540852L, 
-1031270944L, -1551638846L, -296124376L, 1448783532L, -1124912964L, 
1837577714L, 1428368688L, 305321124L, -146206024L, -527300262L, 
1717268880L, 1724776316L, 805189908L, -273809598L, 1972805376L, 
-2075761732L, 608176976L, -1812648158L, 983090504L, -726202868L, 
-485511076L, -577038126L, 828556800L, -1414870700L, -1903577624L, 
1798108154L, -1975403312L, 920807724L, -1842096396L, -104508014L, 
-2080407456L, -130644724L, -2060709152L, -1720306334L, 1942399656L, 
-923889076L, -1133302404L, -56872654L, 1520909424L, -1155849404L, 
1263827416L, -568177542L, -1629872592L, -1498991940L, 137030484L, 
-497622974L, 1602283936L, -935455044L, 122344912L, 1476717922L, 
-698998808L, -1734840372L, 43678460L, -892473870L, 765830272L, 
-2002706188L, 1168835208L, 2116109114L, 231751504L, -960023956L, 
-1181452140L, 1883627858L, 1471686368L, -404906292L, -1328594784L, 
-997103742L, -1714002200L, 642457324L, 904806460L, 1486769778L, 
-1414144912L, -1389870556L, 2112720952L, -845342694L, -1539090736L, 
-1393484740L, -419199852L, -947001214L, -674623552L, 206956860L, 
-1163538800L, -2043508702L, 2076084232L, -533644148L, 526709788L, 
-395771246L, 807727232L, -2065980396L, 945250600L, -551314886L, 
-1759898416L, -1866793876L, 2115731124L, -1476597742L, 1662676960L, 
680545228L, -982792736L, 1760729634L, -960965336L, -317199092L, 
1553630780L, 65247474L, 1752590064L, 1835089732L, 1853310552L, 
835078714L, 188042992L, -496224068L, 1027168788L, 654417090L, 
1008544864L, -469561988L, 1232279760L, 840715298L, -1253202264L, 
113650572L, 1256084924L, -1591892942L, -1993208000L, -1819171660L, 
573628232L, -2074676550L, 1937293072L, 1409565932L, -2107069356L, 
-1097978094L, 789962656L, -1134664756L, -1932436640L, 966599874L, 
1525235240L, -783843924L, 487975740L, 213555058L, 742424368L, 
168113700L, -1688114120L, -1652872998L, -1110688368L, 2106776316L, 
-988912748L, 1384275778L, 1160824320L, 1095347772L, -880102751L, 
970461779L, -1952076428L, -108166398L, -991616105L, 674628961L, 
-1863547482L, 641988516L, -1165430187L, -750648577L, 1925072792L, 
2118420662L, -2128782013L, 106658949L, 1417823522L, -947466736L, 
-286822983L, -1889325461L, 1300095324L, -2077304694L, 1621233791L, 
-74235447L, -369245602L, -247244532L, -409199395L, 1938594279L, 
839844368L, -1278009554L, 1057924059L, -1182305091L, -1373739478L, 
-386164024L, -738820111L, 776745315L, 1911824740L, -1774959470L, 
985758055L, 321362737L, -872341386L, -255788652L, -1253597787L, 
1937921711L, -1699909784L, -1435417786L, 167965427L, -2114311083L, 
30974002L, -682320384L, -1086927127L, -1632760485L, -2046672980L, 
1174209466L, -549765777L, 1491539705L, 1663045518L, -970782116L, 
-2144646963L, 1466308663L, -1309228352L, 2080437662L, -733415829L, 
1091186157L, 1973976154L, 1847511832L, -1985023871L, 1573586483L, 
1598438484L, -1881450398L, -892252425L, -1559396031L, 362739654L, 
1775668484L, -1024711499L, -1504164961L, 616803320L, 1781245398L, 
-1976476573L, 211077157L, -1720684606L, -1290345296L, -530722599L, 
194365003L, 1185766588L, -1664310550L, 1382466335L, -347690071L, 
-704742082L, -57621460L, -1400266115L, 1629371591L, -1946318416L, 
-1011788850L, 2114965755L, 874780509L, -1865419638L, 1572618920L, 
1843719697L, 2144968451L, 1493760516L, 32563762L, 421216903L, 
1006753489L, 1871954006L, -181764044L, 1261871941L, 1164439951L, 
288143624L, -1223433434L, -1075201069L, -1228219083L, -560866158L, 
-1239870368L, 75411913L, -1869190917L, 872683212L, -1822807206L, 
925511247L, 1958554393L, 348910894L, -1391145156L, 1031400621L, 
726302551L, 681398944L, 1040727038L, 1799887563L, -1450263347L, 
1101389818L, 1519244344L, 382473697L, 782605971L, 678931636L, 
1982920130L, -1284323881L, -472782303L, 2058672614L, 1974726884L, 
26972181L, 1043009599L, 1285226456L, 729317878L, -408796669L, 
1948030277L, 139706722L, -1561261360L, -536828423L, 1257442603L, 
